,Team,GP,PTS,FGM,FGA,FG%,3P,3PA,3P%,FT,FTA,FT%,ORB,DRB,TRB,AST,STL,BLK,TOV,PF
0,CLE,63,106.7,39.0,83.6,46.7,11.4,30.9,37.0,17.2,22.1,77.9,9.3,31.0,40.3,23.0,7.3,4.2,14.3,20.9
1,MIA,60,108.6,39.6,83.0,47.7,13.2,35.9,36.8,16.3,21.1,77.2,8.6,33.8,42.4,25.2,6.8,3.8,15.6,19.9
2,PHI,58,110.4,40.2,85.4,47.0,11.1,32.6,34.2,18.9,24.0,78.6,9.8,32.3,42.1,23.8,6.7,4.9,14.2,19.9
3,PHO,61,111.4,40.1,85.9,46.7,11.4,31.8,36.0,19.8,25.0,79.1,10.4,32.6,43.0,23.6,7.5,4.0,14.0,20.3
4,MIL,59,111.4,41.7,92.2,45.2,11.5,33.6,34.3,16.5,21.2,77.7,10.6,33.5,44.1,22.8,7.1,4.1,11.7,19.0
5,BOS,60,112.2,42.2,90.2,46.7,11.8,33.1,35.5,16.1,20.8,77.7,9.5,34.0,43.5,23.0,6.6,3.9,12.0,19.6
6,MEM,58,112.2,40.4,90.0,44.9,13.0,36.4,35.7,18.4,23.5,78.3,11.1,33.0,44.1,26.5,7.1,5.4,14.6,21.1
7,LAC,62,112.2,41.3,87.5,47.2,12.3,33.7,36.5,17.2,22.6,76.0,9.9,33.1,43.0,24.6,7.7,4.2,12.4,19.6
8,NYK,61,112.3,40.3,88.5,45.6,13.0,37.1,34.9,18.6,24.1,77.3,10.8,32.5,43.3,24.7,5.9,4.6,12.0,21.0
9,TOR,60,112.4,40.6,82.8,49.0,12.5,33.4,37.2,18.8,23.7,79.4,9.3,33.1,42.3,26.0,6.0,4.6,15.8,20.7
10,DAL,61,112.6,41.1,84.7,48.5,11.0,31.1,35.2,19.4,24.8,78.3,9.7,34.1,43.8,24.4,6.2,3.9,12.8,22.7
11,BKN,59,112.6,40.5,88.0,46.0,12.0,32.4,36.9,19.7,25.6,76.9,11.4,32.9,44.3,22.9,7.2,3.7,12.8,18.2
12,DEN,60,112.7,41.6,86.7,48.0,11.5,33.1,34.8,18.0,23.6,76.3,9.8,30.3,40.0,25.7,7.8,4.4,13.2,19.9
13,CHI,60,112.9,41.1,87.8,46.8,13.0,36.8,35.2,17.8,22.7,78.6,9.5,33.9,43.4,25.8,6.7,5.0,13.9,19.0
14,WAS,59,113.4,41.9,90.1,46.5,11.7,32.8,35.8,17.9,22.3,80.2,10.8,32.2,43.0,23.8,6.9,4.7,11.9,19.6
15,NOP,60,113.5,41.5,87.5,47.4,12.2,35.9,33.9,18.4,23.6,77.8,9.8,32.3,42.2,25.1,7.4,5.1,14.5,20.8
16,ORL,60,113.5,41.3,87.0,47.5,12.9,37.1,34.8,18.1,23.2,78.0,9.8,32.4,42.1,25.7,7.8,5.1,14.0,20.4
17,POR,59,115.3,42.2,86.9,48.5,12.1,32.5,37.1,19.0,24.1,78.7,10.2,31.3,41.5,26.0,7.6,4.2,12.7,21.3
18,MIN,62,115.9,41.7,88.7,47.0,12.8,34.7,36.8,19.6,26.0,75.4,11.6,33.0,44.5,25.5,8.2,4.0,15.1,20.0
19,OKC,59,116.4,41.7,89.0,46.9,12.7,35.7,35.6,20.3,25.9,78.3,12.2,34.7,46.8,25.4,7.3,5.6,16.2,20.3
20,ATL,60,116.8,43.0,90.0,47.7,11.8,33.7,34.9,19.1,23.7,80.5,11.0,34.4,45.4,25.6,7.4,5.0,13.8,19.8
21,UTA,61,117.3,43.4,90.9,47.8,11.6,32.4,35.9,18.8,24.2,77.4,11.7,32.0,43.7,24.1,7.8,4.8,12.7,21.2
22,IND,61,117.5,42.2,88.4,47.7,12.6,33.7,37.5,20.5,25.4,80.9,12.2,33.5,45.7,26.4,7.9,5.1,14.9,20.0
23,LAL,60,118.1,44.3,94.2,47.0,12.7,36.6,34.6,16.8,21.8,77.1,11.3,34.4,45.7,25.9,7.7,5.3,12.3,21.3
24,HOU,59,118.1,42.1,88.3,47.7,14.6,39.3,37.1,19.4,24.2,79.9,10.6,31.1,41.7,25.7,9.0,5.9,12.9,21.3
25,SAC,59,118.1,44.1,89.1,49.4,12.1,32.4,37.3,17.9,22.5,79.5,9.6,32.2,41.9,26.1,7.5,4.1,14.0,21.1
26,GSW,60,118.3,42.6,90.1,47.3,12.9,35.2,36.5,20.2,26.0,77.6,10.6,33.5,44.1,25.7,7.9,4.1,13.9,18.5
27,CHO,61,118.8,43.3,90.2,48.0,12.9,35.2,36.7,19.2,24.3,79.3,11.0,35.6,46.6,26.6,6.6,5.9,14.5,20.5
28,DET,60,119.7,43.6,88.8,49.1,12.2,33.7,36.1,20.2,25.7,78.8,11.0,34.0,45.0,25.7,7.3,5.5,13.5,21.7
29,SAS,60,122.9,46.0,90.3,51.0,12.6,31.7,39.7,18.4,23.8,77.2,10.6,33.4,44.0,26.5,8.4,5.0,13.2,18.6
